Epoch:  0 Gerr: 48.390415995421804 0.7875390145710919 0.039158341646599246 0.735901810544013 0.04773761385799102
Epoch:  1 Gerr: 46.3101926574854 0.7790198409189741 0.03747523512366434 0.7314700472382866 0.04451913262183343
Epoch:  2 Gerr: 44.28229353962742 0.7906227697151115 0.03583282184175537 0.744125172090652 0.043741849200448935
Epoch:  3 Gerr: 43.9550792223997 0.7926100386615584 0.03556905140526646 0.7535138154451091 0.04161972718134431
Epoch:  4 Gerr: 46.129914823208466 0.7808216970097783 0.03732911346009063 0.7241088208153229 0.045355496515324736
Epoch:  5 Gerr: 44.76434385714641 0.785589729591266 0.036223436502192785 0.7304467875090238 0.045107220587982264
Epoch:  6 Gerr: 44.19084841026497 0.790761607894181 0.035758493537920065 0.7491810117087808 0.04241183602888983
Epoch:  7 Gerr: 43.7567306544404 0.7911144182042504 0.035407878113983056 0.7409748601981699 0.04315277761010948
Epoch:  8 Gerr: 47.372874393405766 0.780906673394835 0.03833479348872004 0.7392822342400777 0.04480821637222803
Epoch:  9 Gerr: 44.995997182998295 0.7916430830635266 0.03641051184371266 0.7449591655609553 0.04395144167988325
Epoch:  10 Gerr: 46.12261825196369 0.787593426830867 0.03732276503369093 0.7284023207415726 0.04665860907496493
Epoch:  11 Gerr: 44.728298186906194 0.7912497668627062 0.03619338254182751 0.7311971943939709 0.04612114523667002
Epoch:  12 Gerr: 46.88229903195301 0.7875394252797471 0.03793712387507722 0.7358900834868709 0.047038125814493494
Epoch:  13 Gerr: 45.69599396491184 0.7909277639487715 0.036976371463977066 0.75432672629386 0.043233817281935885
Epoch:  14 Gerr: 48.08189549854736 0.7900025744263386 0.038908024537478415 0.7395075629197317 0.04732848582182845
Epoch:  15 Gerr: 44.31688912819058 0.7909704655824956 0.03586104435824469 0.7416179112581355 0.044288309995031895
Epoch:  16 Gerr: 43.451138117289815 0.7935161061905981 0.035160050285696604 0.755097407884326 0.041072814689256526
Epoch:  17 Gerr: 47.12829796093103 0.7886875830661778 0.03813684252959782 0.7419338943016136 0.045267698034236636
Epoch:  18 Gerr: 44.68519198123519 0.7924125159586325 0.03615808615465716 0.7530230053264659 0.04294226591066177
Epoch:  19 Gerr: 48.25490922841042 0.7906178455775704 0.03904718443512383 0.7387979842835345 0.04841226694391565
Epoch:  20 Gerr: 47.02998032481527 0.7925234844027672 0.03805553000490241 0.7525677402648041 0.04584039091318805
Epoch:  21 Gerr: 45.15638067146478 0.784903661639413 0.03653985159279632 0.7391058953773809 0.044273671725306496
Epoch:  22 Gerr: 46.80110068979681 0.7907404898439748 0.03787061259637038 0.7273989716712346 0.04876012290423338
Epoch:  23 Gerr: 46.68225992993704 0.7796552210477414 0.037774888879033505 0.7383069398740268 0.0446093703035259
Epoch:  24 Gerr: 45.87781957383963 0.7863153017075615 0.037123804964442814 0.7410371188314516 0.04413453150652222
Epoch:  25 Gerr: 45.75010891685284 0.7808356982390741 0.03702066912019926 0.7205931292394375 0.046753889853751014
Epoch:  26 Gerr: 43.214899727658604 0.7968674333782005 0.03496865832893924 0.7362661142212789 0.04469769724697343
Epoch:  27 Gerr: 44.90417906619183 0.7886459233394801 0.0363356951461853 0.7505854405189936 0.04260150065841028
Epoch:  28 Gerr: 45.19069094380807 0.784898903495847 0.03656830726125877 0.73434894464679 0.04418515025703939
Epoch:  29 Gerr: 48.1778822314264 0.773789108238257 0.038986299472525576 0.7194198111783614 0.04764724280074491
Epoch:  30 Gerr: 45.72407399365526 0.7851968202752367 0.03699966449961551 0.7332244428107911 0.04513725453975728
Epoch:  31 Gerr: 44.29916200685016 0.7942477584898421 0.03584576649228337 0.7518084889023114 0.04260899832575696
Epoch:  32 Gerr: 44.45447822795003 0.7883407649499905 0.03597216259850518 0.7270410692377146 0.046010771031579835
Epoch:  33 Gerr: 46.316176380650454 0.7852664260270135 0.03747905670346069 0.7465883809939378 0.0433793257347076
Epoch:  34 Gerr: 46.08398713679307 0.7848222430795021 0.03729176137413509 0.724494194890521 0.04635411142873684
Epoch:  35 Gerr: 45.15289421312115 0.7951432059272829 0.036537605356974055 0.7480678317943563 0.04406192376143187
Epoch:  36 Gerr: 46.24966824521685 0.7944365021354026 0.03742535193777252 0.7343439771097622 0.04706000726135038
Epoch:  37 Gerr: 47.49638129461025 0.7769648544583184 0.03843467942857949 0.751521928189182 0.042834119915135936
Epoch:  38 Gerr: 44.861196693230006 0.7950361174337255 0.036301324321721735 0.7647491119252965 0.041128814482435355
Epoch:  39 Gerr: 50.31210324825523 0.7962753342027858 0.040712412210181556 0.7604197799083418 0.045935997997432795
Epoch:  40 Gerr: 45.82984307205042 0.7828336286195796 0.037085152628436424 0.7272049657550593 0.04594905185722179
Epoch:  41 Gerr: 46.734359878896036 0.8022530721299814 0.03781623670956335 0.7520349762998407 0.046198449428818615
Epoch:  42 Gerr: 44.81931918850498 0.7894277154925471 0.03626707296476941 0.7573564170994237 0.04150774855915641
Epoch:  43 Gerr: 46.569179297 0.7829655612654681 0.03768281153919766 0.7410722088874658 0.044850158746699065
Epoch:  44 Gerr: 44.04227425552815 0.7970894663898519 0.03563775689534059 0.7375009932622271 0.04568319275494143
Epoch:  45 Gerr: 45.126012838822795 0.7988680198438683 0.036514513748577976 0.7637387205240856 0.04274559473136854
Epoch:  46 Gerr: 42.2036686962575 0.7990392395849553 0.03415059277959394 0.7621954216002397 0.040048139929165456
Epoch:  47 Gerr: 41.83410723450644 0.8040710526113053 0.033850349931453784 0.7587896755679937 0.04117945404521108
Epoch:  48 Gerr: 44.4721713746438 0.789115572355353 0.03598678015902482 0.7302011528986602 0.045770738657918024
Epoch:  49 Gerr: 45.65607346428314 0.7917228875410858 0.03694359389342738 0.7534715133061569 0.04325980219063539
Epoch:  50 Gerr: 44.30893318993609 0.7930542155650672 0.03585347121650042 0.7418777614673187 0.044355878379654864
Epoch:  51 Gerr: 47.725567540964946 0.7710517790581568 0.03861989580178344 0.7180663163351005 0.04731326078955108
Epoch:  52 Gerr: 44.0123410041084 0.7878470061859766 0.03561553259617403 0.7519254163665992 0.04117834780744387
Epoch:  53 Gerr: 44.28418869218498 0.7948214550367003 0.03583414307962603 0.7495269174103888 0.04315728619149917
Epoch:  54 Gerr: 45.0168706158863 0.788651202630096 0.03642729052094829 0.7374965511407611 0.04427896915961409
Epoch:  55 Gerr: 50.763537799165704 0.7826162976205959 0.04107898135482714 0.7267036697569675 0.04952352812319882
Epoch:  56 Gerr: 43.80637808420009 0.7953482721296425 0.03544721795018742 0.747216944788445 0.043512307897595796
Epoch:  57 Gerr: 46.04415283914048 0.7877591674816243 0.03725801730675521 0.719578547619247 0.0477778668532743
Epoch:  58 Gerr: 42.39080216560365 0.7989828129981431 0.03430215452560389 0.7639049273506089 0.040061533434981283
Epoch:  59 Gerr: 43.58014385757343 0.7928638090228495 0.03526497206134916 0.7507555576566207 0.0419753566390904
Epoch:  60 Gerr: 46.82419752137363 0.7774980039279891 0.03789079573376428 0.7352693337175196 0.04437923668309488
Epoch:  61 Gerr: 45.51489473603022 0.781449405362607 0.0368310960008666 0.7450218392207122 0.04275681931560271
Epoch:  62 Gerr: 51.887146052789305 0.7709901111022344 0.04198892710671871 0.7230298821814881 0.04977775426165931
Epoch:  63 Gerr: 43.585400105327885 0.7933518239971001 0.03526953043612305 0.7472652247270144 0.04301533465419736
Epoch:  64 Gerr: 45.413294955019886 0.7928590309412673 0.03674764686227107 0.7591930279227758 0.043252518379595845
Epoch:  65 Gerr: 43.87732262519636 0.7904337273757405 0.03550489773834872 0.7329076465133177 0.044945983413206256
Epoch:  66 Gerr: 41.916398115968754 0.8012777683133901 0.033918296310058244 0.7406631116582315 0.043776005474047266
Epoch:  67 Gerr: 42.893223150249746 0.7943201368500332 0.034708695000559946 0.730178028716366 0.04446696265759337
Epoch:  68 Gerr: 49.728739188572284 0.7829920578538683 0.040240433238236166 0.7208503926837864 0.050381222371113636
Epoch:  69 Gerr: 45.100432688730315 0.7925928338137656 0.036494843356960224 0.7480389571229633 0.043500273532972526
Epoch:  70 Gerr: 44.5797621386349 0.7954066376095703 0.03607287897296841 0.7565154005591577 0.042778375879259846
Epoch:  71 Gerr: 46.365370100337216 0.7849926169600415 0.03751827237337973 0.7497082862395417 0.04342668898460674
Epoch:  72 Gerr: 44.768717247289864 0.7920572073051682 0.03622539574608955 0.7504000931086586 0.04301556427209359
Epoch:  73 Gerr: 44.21096199663072 0.7921389316812174 0.035774862819781116 0.7529127106359595 0.042284926469639134
Epoch:  74 Gerr: 47.62312136788863 0.7916776714920882 0.03853609068235916 0.740030107536558 0.046896620631908
Epoch:  75 Gerr: 45.97537729090733 0.7995881922578043 0.03720196754378271 0.748006219098515 0.04672474838253955
Epoch:  76 Gerr: 48.30771360667306 0.7732928406622055 0.039091109175052575 0.7391537502636115 0.04475539907346812
Epoch:  77 Gerr: 45.25186613707025 0.7976205095592627 0.03661721298002726 0.7457920070696762 0.04510618624170841
Epoch:  78 Gerr: 44.66272927993909 0.7881295186794857 0.036140738551551574 0.7429332136549281 0.04313966979410993
Epoch:  79 Gerr: 45.32361109084471 0.7861317804685255 0.03667530059026392 0.7453013900316399 0.04360181306707259
Epoch:  80 Gerr: 44.40514560397927 0.788953950778813 0.03593211500813545 0.7342750227561619 0.04437869823447295
Epoch:  81 Gerr: 45.13342431404795 0.7873156971720017 0.03652153729313775 0.7312459966767555 0.04554764002016741
Epoch:  82 Gerr: 44.234541185816624 0.8038931198120766 0.03579357457877449 0.765875842936832 0.04174899750614903
Epoch:  83 Gerr: 44.295733947744694 0.7901692889124613 0.03584418116550487 0.7509182121027472 0.042103400626936835
Epoch:  84 Gerr: 45.45248125949295 0.7900845782898045 0.036780645490009894 0.7289334309374317 0.047092465222286585
Epoch:  85 Gerr: 46.17089075359599 0.7813077634943757 0.037361867922034143 0.7223354498655661 0.04660013213036114
Epoch:  86 Gerr: 47.9723860347007 0.7799800044489785 0.03882009720737266 0.7264124213267853 0.047472600220204136
Epoch:  87 Gerr: 46.36838599619447 0.7808183384692965 0.03752126112641975 0.7378078915203826 0.04464716257377226
Epoch:  88 Gerr: 47.08672552400168 0.7785466236820978 0.03810260635662717 0.734371262428904 0.044744076748791814
Epoch:  89 Gerr: 42.880653635685995 0.7998419036569193 0.034697918143039894 0.7496403833917072 0.04317441727146034
Epoch:  90 Gerr: 45.29877768681545 0.7886043622666618 0.03665457791478798 0.7500246255570584 0.04298276564939953
Epoch:  91 Gerr: 43.51722011543255 0.7949487031584415 0.03521297875896588 0.7516999111331991 0.04259050938665208
Epoch:  92 Gerr: 46.79067493281862 0.7812390286107505 0.037862580809231605 0.7378531079675192 0.044973992613053654
Epoch:  93 Gerr: 45.160724988488695 0.790967368438621 0.036543413681128296 0.7384875165303105 0.04504656111206486
Epoch:  94 Gerr: 44.55858770481569 0.7926384079035089 0.03605620885230294 0.7605023836319031 0.04174922022071618
Epoch:  95 Gerr: 53.10062443805724 0.7791771439782048 0.04297013174101741 0.7282349292892878 0.051479993993280085
Epoch:  96 Gerr: 43.8244418520815 0.7954268721498623 0.03546211048995671 0.7501804918570968 0.04311136804529371
Epoch:  97 Gerr: 48.05786472659285 0.7984652907408302 0.038888878374587314 0.7577865484656189 0.0455962739982737
Epoch:  98 Gerr: 44.603827005279705 0.7915671042848103 0.03609298498410536 0.7496418209828534 0.04295527838669754
Epoch:  99 Gerr: 46.47887805039861 0.7867513707947079 0.03761046830535741 0.7362962791512944 0.04554106029264207
            A        R        N        D        C        Q        E        G        H        I        L        K        M        F        P        S        T        W        Y        V
 1 A   0.0146  -0.0041  -0.0706  -0.1853  -0.1072  -0.0418  -0.1072   0.0107  -0.0039   0.0321  -0.0137   0.0032    0.194   0.1023   -0.136   0.0104  -0.0636   0.0008   0.1624   -0.028
 2 A   0.0072  -0.0317  -0.1438  -0.0481   -0.154   0.0883   0.0293   -0.064  -0.0481   0.1492   0.2988   0.0405   0.2623  -0.0143  -0.0477   0.0108   0.0486   0.0159   0.0288   0.0411
 3 A    0.033   -0.148   0.0031    0.032  -0.0747  -0.0251  -0.1322  -0.0279  -0.0461   0.0828   0.0943  -0.1251   0.1316   0.1388  -0.0331   0.0349   -0.015   0.0367   0.0506   0.0178
 4 A   0.0032  -0.0405   0.0236   0.0945   0.0416  -0.0059   0.0855   0.0009  -0.0083   0.0283  -0.0495  -0.0231   0.0426  -0.0234   0.0311   -0.013   0.0424   0.0309   0.0874  -0.0317
 5 A   0.0058  -0.0538   0.0446   0.0746   0.0948  -0.0892   0.0296  -0.0015   0.0031   0.1053   -0.009  -0.0298   0.0141   0.0606  -0.0589   0.0152  -0.0106   0.1521   0.1216   0.0499
 6 A  -0.0223  -0.0859   0.1121  -0.0507   0.0626   0.0108   0.0098  -0.0232   0.0426   0.1213   0.0214  -0.0155   0.1047   0.0828   -0.022   0.0689   0.0841  -0.0425    0.033   0.0738
 7 A   0.0124  -0.1325  -0.0093  -0.0349  -0.0527  -0.0115   0.0428  -0.0663    0.015   0.0661  -0.0157  -0.1357   0.0544    0.132   0.0336   0.0177   0.0429   0.0947   0.0658   0.0584
 8 A  -0.0608   0.0214  -0.0081  -0.1134   0.0064  -0.0133  -0.0038   0.0022  -0.0794  -0.0005   0.0251  -0.0321  -0.0577    0.051   0.0386   0.0027   0.0167   0.0882   0.0661  -0.0676
 9 A   0.0694  -0.0472  -0.1537  -0.0087  -0.1513   0.0018   0.0333  -0.0398   0.0599   0.1824   0.1865  -0.0902   0.0582  -0.0823  -0.0205  -0.0475  -0.0198  -0.0552  -0.0449   0.2574


Output:

Epoch: The current training iteration.
Gerr: The generalized error, including the regularization term.
train_pcc: Pearson correlation coefficient for the training data.
train_mse: Mean squared error for the training data.
eval_pcc: Pearson correlation coefficient for the evaluation data.
eval_mse: Mean squared error for the evaluation data.