t: 0.01 140.6382469361584 0.21221529219000015 0.1107321895775619 0.5256002647957121 0.10662588143613026 0.5405038634257872
t: 0.008889000000000001 114.56780611499212 0.20181463130931138 0.0869975243535067 0.588080109594559 0.10494430249088005 0.5397832573692221
t: 0.007778 108.6327070390289 0.15702848697223 0.08409691242802399 0.5972135525885526 0.09093828947560521 0.5875159640362704
t: 0.006667 102.33379345886377 0.1825175350306521 0.07481183961829489 0.6746762866540537 0.08695839421168357 0.6326625217295072
t: 0.005556 92.58421326063556 0.14201374888343854 0.07112306970569426 0.6669811227028247 0.08204399351101303 0.6087406494304992
t: 0.004445 78.02477252105435 0.13505366213714737 0.0601770673265602 0.7000295830533182 0.07461773120319704 0.6333575820291298
t: 0.003334 67.53119038748687 0.10508292727771383 0.0510793427113436 0.7392693763318706 0.059979782326250584 0.6910681828206687
t: 0.002223 58.005954126151956 0.0817632149362946 0.04405165977749797 0.754747705684464 0.053242246840052666 0.7046104903164704
t: 0.0011120000000000001 50.5173385381121 0.07775600385225126 0.03847657821157971 0.7785650493999622 0.04613161746579881 0.7349302552452263
t: 1e-06 41.623124836915125 0.027111842131612565 0.0317466162600353 0.8154081799464936 0.03765385518217567 0.7784933907071128
            A        R        N        D        C        Q        E        G        H        I        L        K        M        F        P        S        T        W        Y        V
 1 A   0.0113   0.0053  -0.0445  -0.1788  -0.0076  -0.0554  -0.1755  -0.0234  -0.0159   0.0223   0.0159   0.0471   0.1165   0.1621  -0.1789  -0.0098  -0.0397  -0.0602   0.1362   0.0051
 2 A   0.0541    0.019  -0.0941  -0.3796  -0.1993   0.1149   0.0745   -0.295  -0.0378   0.1534    0.309  -0.0967   0.2709    0.003  -0.0116   0.0484   0.0808  -0.0004   0.0363   0.1225
 3 A   0.0754   -0.012   0.0321   0.0786    0.004   0.0041  -0.0757   0.0218    0.013   0.1097   0.1103  -0.0906   0.1845   0.1225   0.0078   0.0856   -0.011   0.1104   0.1294   0.0428
 4 A  -0.0029  -0.0737  -0.0299   0.0744   -0.049  -0.0496   0.0353   0.0009  -0.0402  -0.0145  -0.0603  -0.0233   -0.066   -0.026  -0.0192  -0.0009   0.0062   0.0801   0.0241  -0.0577
 5 A  -0.0531  -0.0502   -0.085  -0.0547  -0.0453  -0.0743  -0.0506  -0.0642  -0.0421   0.0005  -0.0452  -0.0789  -0.0566   0.0144  -0.1246  -0.0603  -0.0758   0.0274   0.0448  -0.0272
 6 A  -0.0357  -0.0544   0.0104   0.0032  -0.0498  -0.0341   -0.011  -0.0463  -0.0296   0.1183   0.0841  -0.1032   0.0732   0.0736  -0.0153   0.0067   0.0341  -0.0564   -0.007     0.06
 7 A    0.153   0.0534   0.1006   0.0956    0.109   0.1625   0.1215   0.0622   0.1337   0.2038   0.1807    0.019   0.1451   0.2834   0.1891   0.1251   0.1625   0.2631   0.2175    0.173
 8 A  -0.0407  -0.0742  -0.0786  -0.1441  -0.0282  -0.0581  -0.0351  -0.0209  -0.2377   -0.084  -0.0241  -0.0821  -0.0939   0.0195   0.0099  -0.0232  -0.0441   0.0569   0.0334  -0.0937
 9 A   0.0358  -0.2138  -0.4079  -0.2907  -0.2296  -0.3363  -0.0536  -0.2044  -0.0629   0.0996   0.0735  -0.1382   0.0057  -0.0735  -0.1942  -0.2011  -0.0744  -0.1135  -0.0796   0.1877
