TESTRUNID EPOCH: 97 L_PCC: 0.9256063249071365 L_ERR: 0.004566091777320001 T_PCC: 0.815568933575367 T_ERR: 0.012926069573479264
180 LAYER: 1
5 LAYER: 2
1 LAYER: 3
97 :ILEARN
-0.26744033420464863	0.004203252911267777	-0.3614898215858934	-0.18307644426058928	-0.3070314893944203	
-0.3865184937152746	-0.10028083738744088	-0.3655034836517959	-0.23154150184754593	-0.32766784918398795	
0.03699745849605403	0.05820809954994361	-0.003538280856360913	0.11582975102495414	-0.042898951517613595	
0.18639363302250833	0.025362462899853718	0.16564802159061376	0.03410061650943881	0.08096180783699977	
-0.05402562082198997	0.09812154299243477	-0.15990624179088353	-0.0067671351817563076	-0.034888134553111405	
0.034565005488710304	-0.08165956724424812	-0.14243386651109916	-0.09196621104946437	0.016710551137099995	
-0.06087581709134358	0.0008673836335908	0.09719436511281007	0.02075317466467842	0.04084145516964828	
-0.07379783771950704	0.03866346127407054	0.046983485664898905	-0.09945501928693957	0.04237773588729555	
-0.02438518987035154	0.04580321702052526	-0.17315873613315558	0.0018972327376497752	-0.18576360034213274	
-0.019438946005731022	0.08749301757447707	-0.060189303830167594	-0.03609658429601891	-0.08175885728684486	
-0.09391712697396382	0.054163255405792865	-0.06344573797552498	-0.026011938813137202	0.0011780579460985076	
-0.2012290480975217	0.008865924823654725	-0.19652835498610732	-0.057855368245255806	-0.09379843608609342	
-0.10968516552013	-0.011910388658897719	0.0023482635922605823	-0.022935592822590417	-0.11558528880253906	
-0.09137360402953397	0.034769853165958285	-0.09765888336013788	0.06257754629183174	-0.04828837449045878	
0.07484117952244025	-0.04920348976650555	-0.064772720456776	0.08840816281446065	-0.017257658791177934	
-0.18992604130020738	0.07232776177627431	-0.14919535942617732	-0.019307052422117752	-0.07619793245229924	
-0.007609102507820553	0.015566988075716912	-0.0355681340339631	-0.0818893565510045	-0.13407899925669578	
0.029981465648240866	-0.009419912355552859	0.05956708342393398	0.02653653793934813	-0.01500380408164808	
-0.2696717808299266	0.06023889088998585	-0.2074321343923057	-0.0746143593386241	-0.16799211695489008	
-0.1384422386436869	0.06684534127866834	-0.08763081295448465	-0.15097258366290212	-0.06697628065409846	
-0.0173458722829764	0.034750548840288095	0.09772247912721778	0.004130251159469739	0.09977424336762891	
-0.10685624601143136	-0.10627641708064678	-0.048810974278417914	-0.029599396734949456	-0.03197232149419869	
-0.07519351659296168	-0.04661086776104859	0.07419274936144532	0.06018020994966929	-0.09362504902404754	
0.1316340812743682	0.10056130731936978	0.17272942043320474	0.12095456561387269	0.002367423260132209	
-0.17016040639512842	-0.07790244734202954	-0.1728799945012464	-0.0702748560849086	0.003627528535702654	
0.016920824649448805	0.027187069956680698	0.0766620670952267	-0.06317416977565117	-0.04445074527281982	
0.06352369413732134	0.12068466500231978	0.05775945011647216	-0.05819830363177036	0.0959692019721327	
-0.11308470932117702	0.08708382388638933	-0.08418313417828668	0.06652841759177455	-0.008670772224634244	
-0.19772788496082688	-0.12416567273127752	-0.301416192698702	-0.21024991790875425	-0.30053866625522213	
-0.0743354515736365	-0.045802281903277245	0.040536244536668826	0.020740110553569717	-0.09077329989079258	
-0.03855314431974448	0.10371954331864447	0.05449499908577958	-0.032148948994241464	-0.0004235099713969619	
0.03941470906649369	-0.037481508863518725	0.00782706923161317	0.10676593801527358	0.055852618519102004	
-0.020746533384173513	-3.463321894650802e-05	0.04110457796741225	0.07505849955418689	-0.04174027437117881	
-0.4823656848388275	-0.20735614279736858	-0.4078156602065642	-0.2518312536825189	-0.36495864049389565	
0.08145755766230212	0.1522336008789007	0.14500997843404834	0.06849400668434596	0.11996353047785267	
0.01846675141287696	0.05605504534940924	-0.07158226104556199	-0.07943143765444835	-0.0488975498764575	
-0.011894358042691292	-0.04136660238375723	0.01676326700303932	-0.08553138212249166	-0.07243955357094836	
-0.26101894735139974	-0.13878219314182538	-0.3080883981191298	-0.203569712314716	-0.23556761022168754	
-0.5424617178329313	-0.24805789483795068	-0.45459504662701833	-0.2940873076354551	-0.40741942425078154	
0.0729204975845831	-0.08812717298567965	-0.06872769595169763	0.026015336742664184	0.081063954887874	
0.20459878847591542	0.04050144488379085	0.2116110009752796	0.11203621093535468	0.09370609326852121	
-0.0012877549960131909	0.03742952950427339	0.012175003696660412	0.09692577408465991	0.08549025875104006	
0.014555257569208654	0.11484584871188046	-0.03222230718342059	-0.040501938286895627	-0.023211044246279282	
-0.011901129795127493	-0.06544610353272656	0.07114292729784194	0.0962806008708565	-0.08640519997187827	
0.026774948794013514	0.00020476315538537563	0.0167138794907788	0.13170481784298108	0.05011221667018368	
-0.06048993696884791	-0.0034672103275379365	-0.07984676491398138	-0.02737718138997629	-0.0790178082913387	
-0.011603839519902107	0.024885247947762815	0.05390677764077224	-0.0266672703162371	-0.008456665689120717	
-0.004753056255502911	-0.0784119358897344	0.005300527479965638	-0.0008218850723997574	0.06388738278059079	
-0.10083546523039255	0.07017309690229466	-0.060022150678442715	-0.11112067068268339	-0.011515012162153905	
-0.038898324466788516	-0.09554980997121072	-0.09093595443785814	-0.0071858210050975745	0.010956846886668665	
-0.2823407735237117	0.060343108762785376	-0.2333504058109077	-0.041825542741851504	-0.17303916995462038	
0.03862301841667936	0.022882490031392595	0.0038224571639189926	-0.050943266869342745	-0.00616717589061911	
-0.13377250107251407	0.0296235680368422	-0.15501493624535065	-0.09904250235215006	-0.11992905367520737	
-0.05609993135464874	0.024611695910098347	-0.052807959606453916	-0.04827095769953466	-0.055083036094507855	
-0.25851240554297333	-0.048218938766904515	-0.18621503440902293	-0.10675095722303891	-0.13142816318283226	
0.1682719550550654	-0.030025244780186255	0.1279796447266496	0.05939645219004775	0.1970141119571681	
0.1662725399547523	0.1012757341368115	0.1275472869503475	0.01891945093735591	0.043399753587682104	
-0.0666156081460813	-0.010090358972030894	-0.0897969964366336	-0.06991490585301086	-0.10626625460993705	
-0.06472833628101338	0.03161449310466005	-0.07181119391413955	-0.056827286982347416	-0.10567601026448105	
-0.06241045421976737	-0.014951697092726668	-0.066399256322443	0.11228703066511209	-0.05188010701739426	
0.11499789761497006	0.09084483791347772	0.0903899851046039	0.05263969456295904	-0.010778783835390058	
0.08924398791992816	-0.00852783229493947	0.03478123276464072	0.061080309752723765	0.03678430151513666	
-0.009051882561901517	0.06982078694051347	-0.12312394994442571	-0.13183862387455855	-0.1208574099344305	
0.04833409236344094	0.07084864630051065	-0.007323595919762431	-0.01276821810358499	0.11924755827578258	
-0.15521650974563256	0.020990335790267507	-0.18363892145501107	-0.14857093218310694	-0.13399751746362637	
0.015517449734054767	-0.06692057454927818	0.04051512738421033	0.009170364767909939	0.03739635102713548	
0.03082254062866815	0.08065713752780024	0.047999992368421056	0.06852493211272265	0.14889388270976597	
-0.11877972168436202	-0.02633981679770339	0.05403215696435899	0.06681886914989216	-0.009959290852310357	
0.06390041228243926	0.09371401931340347	0.05822095057919955	0.06513957290301718	-0.08308819598105313	
-0.07744267553027553	0.05055972415740389	-0.09698648613764614	0.030922894716836593	-0.18482090642851973	
-0.10082541474605437	0.047045351727415564	-0.2189187745931618	-0.10405118212976494	-0.11840643786375779	
-0.04150736669988137	0.06036379084460961	-0.028557173770625888	0.03379434570584988	0.08449851392265206	
-0.14340713035384026	-0.07229047785256557	-0.03221097719319362	-0.028282327679119198	0.0022896882344246835	
-0.05281898467313315	0.1035388571934059	-0.07397423227674552	-0.012483199834971374	-0.1392909605560268	
-0.14784004047733568	-0.11476737303953634	-0.20250235571835193	-0.04351564685482831	-0.22717690561251178	
-0.033929902871040904	0.06778419560389931	0.029433727887838997	0.02739788279405878	-0.05828144967684136	
-0.024711095055049762	0.014302094668522374	0.08499346291746601	-0.07416023559037721	-0.060162958186766716	
-0.08716309831420464	0.04853304983490822	-0.035471642565931945	-0.09591188983535932	-0.04388847927352622	
0.006462026922189775	0.07064806010749619	0.0249083364273184	-0.048002719806306625	0.0879589633414699	
0.05845902951841122	-0.0024307427268472305	0.03192243466910219	0.024690682041975175	0.0049276438172628665	
0.004845701490145601	0.06334266414838789	-0.18030532936813878	0.007686934624254056	-0.08098596475928445	
0.3143649637285712	-0.006583812769125498	0.16666905355859377	0.07118575134369445	0.21040022169612768	
-0.20281686762474754	0.002341291152751334	-0.09470243735819245	-0.033062003445479334	-0.0920236180420408	
-0.04375697377787591	0.07246637190723705	-0.05005245498063498	0.051374632799515874	-0.013565719923097	
-0.21123190751901855	-0.08093604953425393	-0.24606023065941257	-0.14742891344297138	-0.14581823936940455	
-0.0776937269387857	-0.08204050678135885	0.04043681867972133	-0.011824002539668376	0.03828364513545385	
0.013414530383988273	0.006483427167929421	0.010510382398531998	0.01850132607848607	0.07489835954703397	
-0.059948821043084376	0.08462499917202888	-0.1372157188087983	0.04941765200477021	-0.11046485048405567	
0.017596438438312715	-0.08535457732774537	-0.012686068113856943	-0.08957233952559794	0.07904154729015282	
-0.0044897445375861435	0.06146768308161762	0.006056711638918296	-0.11338321704153603	-0.15290912331786288	
-0.09168221064825784	0.03748931844976763	0.059321688218784564	0.08340037555413055	0.009331176893830076	
0.10689357140076029	0.1051927753914417	0.024733862199653168	0.001710297216851849	-0.010073138786254559	
-0.1522622388016638	0.06393452702424703	-0.14381613518408487	-0.08857716415389186	-0.01956154217705914	
-0.0927063027276811	0.1062775564505471	-0.09267381920629363	-0.007025890012687901	-0.06359197945014813	
-0.18086939789218193	-0.05641358936933095	-0.2695160249572349	-0.15604582084715835	-0.20018383272950313	
-0.11054641289063284	0.04646166962493978	0.04223613688429573	-0.09851388080780624	-0.025663846386771907	
-0.030442788602177237	0.07828012903912719	0.007507196955807013	0.04586878949462074	-0.016457802048767744	
-0.1063363559346641	-0.035953409690727973	-0.22395726951643596	-0.03590072849350086	-0.1316105863171557	
0.07834451648680087	0.10654293511838844	0.061797925006759236	0.005567713619981001	0.06303136589422444	
0.0668269372685999	0.09872849371928241	0.057810365379362405	0.08352054467354636	-0.07193227079405119	
-0.04152687295752167	-0.03709997156361806	0.00754394998052282	-0.039840573739272654	0.060674993255557044	
-0.013380423742466377	0.07448501162939514	-0.05771219354057553	0.03983421708199166	-0.05710978188937478	
0.06122848233408446	-0.009623693623181495	-0.036936485655248694	-0.021857007947494705	0.06789998132130515	
0.09258003756525209	0.04364483098923493	0.04219497573551217	0.09195487122889652	0.17834089910712872	
-0.22232407872900226	-0.0202928700369636	-0.18119506714872882	-0.10085393958887418	-0.24027876926428832	
-0.03681585442089613	-0.07293078688953197	-0.036877550367603304	0.03500334153719807	0.022223197153516255	
0.11489062814638844	-0.05126938185879215	0.12157462492089233	0.07806644578249411	0.07587137753782755	
0.1758379554202876	0.09358179966439603	0.16734248980950472	0.02015538633739683	0.13397081377884426	
-0.1532693968222099	0.03361615457148169	-0.15760908875793586	-0.07777807176035739	-0.20880724843241028	
-0.1396120340494841	0.048275877132374335	-0.11587799710492012	0.0707002418564928	-0.12125300694441117	
-0.10837853459852327	-0.003140878576555592	-0.06760927985692392	-0.04667788789274929	-0.15473773097987267	
-0.004780539596301164	0.014633646072774405	0.07109566447932435	0.07481754496231609	-0.04985126828420893	
-0.09287178114503643	0.004894887365553445	0.02999353269992467	-0.0900609394636671	0.026626249143023133	
-0.09565720770391568	-0.03413838617295956	-0.07278881478013678	-0.031693164664783655	-0.20618804841009858	
-0.13360474379243933	0.08218892045370886	-0.03108645647498136	-0.022193838121326318	-0.10008232501267204	
-0.031563461724779134	-0.04692672414636667	-0.02884538747981705	0.0033176027973543143	-0.061551472953641634	
-0.05673088552970559	-0.08198068072511407	-0.09333274624138096	-0.1381724588477651	-0.08198302054205708	
-0.0756854398658484	0.0590968631133283	-0.12270471687582514	-0.061401135658997394	-0.005530712799439184	
-0.12583544957547918	0.030808740757992333	-0.06211058983768827	-0.0824431378684428	-0.13133708111976444	
-0.14130356540348196	-0.08219301942191352	-0.13856439244509514	-0.1520259577394808	-0.18254492329165642	
-0.007576436942045762	0.06774540763550888	-0.1156585816545901	-0.0682015570168102	-0.09327995596772354	
0.0573362132706595	0.04238445231963888	-0.01418130516995214	-0.04117357332605054	0.0410124130676965	
-0.08303757874488665	0.05624442977788423	-0.03982986739666966	-0.06826367966334368	-0.15583756157618864	
-0.0182855188959225	-0.09934775913868758	-0.1860440389379011	-0.1040372389821605	-0.1442219870045937	
-0.13240576627203457	0.06503605087605421	-0.1324225584635969	0.02189946943927402	-0.01134345447352505	
-0.07967762863354699	0.004728840264328424	0.03793078775166225	0.012490757845258894	-0.0028366010314749405	
-0.179054133799235	0.016586451942724696	-0.053914612856213476	-0.09748093459317157	-0.07553613942376079	
-0.17713288557559465	0.05785458979667129	-0.1340520751983597	-0.0877703897396642	-0.13125471780933842	
-0.27684092844364827	0.02455317548491404	-0.25391588159601763	-0.13166373640670295	-0.19833181042471704	
0.009484230966479679	-0.006819616106100679	-0.0019332540785188953	0.085188465803931	0.032465649500790436	
-0.04919032970908713	-0.0461999261296503	0.03167533227153084	-0.05753230303526491	0.07907757108425392	
-0.027097363619743183	0.013589718336883515	-0.043751601198779105	0.08262286077260551	-0.032427994430655166	
-0.0015041824471290237	0.06931165769223394	-0.08038071831962958	0.025438001063087065	-0.06279710829661315	
-0.0183134118266588	0.05662495222489146	-0.15901003095837535	0.05985520729288163	-0.1610213027444387	
0.08321249833945843	0.02578459136983461	-0.003238899460075672	0.0632659628337362	0.052234153790939104	
0.02989130696860611	-0.058815266343379115	-0.17078319487233998	0.05015555986532422	0.015314751474724341	
0.02040696933535422	0.011935158000911474	0.016132110716736873	0.058688243428735125	-0.037794388433703426	
-0.006999004468674662	0.0697500953268069	-0.026151530783188156	-0.026689766296100863	-0.004714718490429352	
-0.14120215076276016	0.05199579702045291	0.019156682337829987	-0.06849853789047473	-0.11671838945856136	
-0.008481569428484907	0.006952109204974358	0.12496362628701013	0.07482953356536005	0.010970378064965489	
-0.0999031018979117	-0.03870808439230862	-0.0034599700620458794	-0.06405119197151364	-0.04763281723346435	
-0.060723819386112696	0.0741711028001442	-0.05059497817946699	-0.03253294709345217	-1.859962569027746e-05	
-0.0973179107946178	-0.027612296317955316	-0.06634540522671024	-0.02173749552096979	0.015417638318053232	
-0.08964526514069654	0.04159678120491416	-0.07112498432697298	-0.013212018403934461	-0.14375688938004832	
-0.12692043286586244	0.08204507330966797	-0.09412306757049217	-0.017207565751871833	-0.1132907299767905	
-0.029795765005884284	0.07205763496123067	-0.09798695583835096	0.010667373400885914	0.06466973946009028	
-0.015092141838361875	-0.054599465510973874	0.061204401725654584	-0.039690950424802404	0.0439873485653873	
-0.024193134072716088	0.08348157594706812	-0.024408434154790076	0.0316324866562236	-0.18916213083904074	
-0.018992796989029614	-0.10076968873516952	-0.13436507931021707	0.027956742191900377	-0.1959999365928303	
0.0623012100496011	0.09034234699897019	-0.026706615020332693	-0.05074739298537939	0.06111430703383526	
0.03774567617908905	-0.04378325110488802	0.12261816836717668	0.11963346589925275	0.050960663359667015	
-0.0634592763025424	-0.025414760806060577	-0.08583906837709165	-0.07245144455761175	-0.1162520472686121	
0.036290805606633794	0.12027665800023671	0.05240078814490889	-0.021414061460305226	0.0259361267821189	
-0.16182098693575284	0.05401068127473311	-0.08320493440447524	0.05143055429553803	-0.04661643366322275	
-0.020613151874184422	0.05180866815426189	-0.01572049398176492	-0.044289021744298177	-0.04301306363138824	
-0.19257992488635864	-0.059503096815578374	-0.18089922190424101	-0.10924982879745107	-0.18688493844135085	
-0.1053663049906665	0.0782455893421617	-0.11772676815308121	0.03159720162236713	-0.05872894366308251	
-0.05476270407468433	0.09319459832414426	-0.03677994710864886	-0.023668902832596764	0.022642444578809234	
-0.06960949959349523	-0.02939601609482387	-0.10938123824386772	0.02161886536443948	-0.09604921299191656	
0.05424798037615686	-0.02643251955165835	-0.0075579510894503675	-0.014824717437193744	0.06663076638019137	
0.257005956733365	-0.0063920048715518435	0.20168557116005098	0.20650708227778264	0.15642280651425602	
0.20893552255012376	0.0008667798192636991	0.14764300100405864	0.10734895058697892	0.056668470574541524	
0.07007716677744026	0.045153958782892606	0.25948856410670107	0.08124003966299975	0.20908331666660915	
0.040842181949692226	0.02707752831494565	0.0364350344021969	0.12445171599717374	0.13393031629219856	
0.0591453906328924	-0.01947374528834784	0.05300124489984103	-0.01532069431810155	0.0038480971977438174	
0.16028394855219397	0.02549391610949422	0.10257190039267432	0.14062385240049116	0.21402529980747712	
0.09207726811458819	0.06952312702611806	0.0027319121468483394	-0.020455615042868167	0.06583366828756641	
0.08303152587168292	-0.023577178722631407	-0.0015901515206207752	0.013092506532654589	0.004809328586316671	
0.011856811877966186	-0.012502812633222872	0.029255970414443715	0.10842078595695505	0.12270377256438428	
0.00485773931107988	0.02025529581261202	-0.0473472432923703	0.027806811065135877	-0.029399950909514073	
-0.2352184401695594	-0.03192961300816646	-0.29079998689830316	-0.26000920230911845	-0.2981328641062291	
0.2919382475724832	0.1529707149823215	0.22655426299858933	0.03978389122154392	0.20800710059436123	
-0.06646509676791787	-0.028075546841690023	-0.0955585523247858	-0.02605559401965154	-0.008182560760470923	
-0.46271942854409753	-0.11691739190786425	-0.45041564409476936	-0.4111547987278313	-0.3927710240776155	
-0.014336692197041706	-0.010467136188391029	0.06098587972011952	-0.013663871923332176	0.09101927247615706	
0.042391306521670696	0.00805119758489552	0.04933806893955061	0.12955660467434735	0.15862383682279232	
0.03850464688493421	-0.034545547086343546	0.1175396400327188	0.013074088771344208	0.11904009500979444	
-0.2698377997099076	-0.052084277146690894	-0.3666094926880997	-0.11804164386014739	-0.2698972967310552	
0.019139359240045523	-0.04267898079883489	0.04467482728843449	0.018273558092994163	0.14521094120647451	
0.14242778474517637	0.08610800365601637	0.18954950236776438	0.1997698629556294	0.12409520583891565	
0.10019583407302388	0.0581664853324213	0.06843194892417151	0.14139170300200637	0.16175297930798424	
-1.3184868080754637	-0.06080923520978886	-1.3485692215748963	-0.6897398341037759	-1.1815078036069517	
1.6757646101779222	
